50000 50000
1000
48516 32125
23174 23364
8019 5810
19765 40672
17092 22533
47757 15439
15707 21907
37969 27971
28689 32470
33116 42733
21959 31435
8657 32976
18738 11487
29557 41778
24568 20031
21444 6795
45787 12257
39906 20639
20877 33998
48476 46423
1714 4142
9153 8773
25520 33678
30227 29399
46316 43337
48676 9697
48656 1741
7678 24909
21120 16417
32159 24673
39115 36164
4388 4166
25640 29037
4988 329
20431 29215
45530 37544
20796 1359
15705 38222
4693 11047
17923 47566
1355 28141
43275 25607
5351 23829
43563 13387
22869 42848
9628 9661
44366 17228
28976 40308
15682 12367
49079 31035
6222 48105
34042 16912
14187 40652
42942 37228
48311 8030
6718 20672
40093 13843
32379 376
39429 39755
14149 32807
48558 35282
17913 3321
7954 33050
22863 38216
27764 30387
8062 25491
45685 11729
20605 19236
16976 19
8668 48697
14556 20947
17500 39320
23730 10659
46866 22617
17578 34806
16650 49005
36065 432
22310 48917
1394 30170
35665 12799
49605 49850
13962 40916
47954 14866
18602 38816
36522 26844
20552 28270
20737 42581
7756 36194
16807 15578
1643 39806
42931 27344
49053 3657
13154 1343
23736 43600
24309 23062
1222 21788
24220 30422
45135 26376
44004 24920
4837 16795
11683 14759
25590 34923
7926 5695
13146 14745
44873 19943
32249 39773
17563 3169
46249 44692
19607 16331
24026 4054
27238 37397
35121 20725
10119 38373
16146 29363
18910 11833
16430 10370
46989 39082
31951 24549
26461 7396
41925 17796
32861 7016
17235 48774
11166 33269
18038 29772
23206 26497
49917 47562
16534 34853
4195 43902
18177 29554
4584 46441
41977 1595
40328 41341
24428 16017
47186 27369
6557 14415
28061 19130
10115 3342
21543 8180
13680 28842
44504 10119
15929 39089
40914 29615
32280 20977
34009 48664
37222 41832
33851 15571
43076 8430
22282 36882
49122 2359
16719 30492
15391 41463
23035 45643
12478 17342
22730 16122
21532 6508
25545 34214
13766 21008
30397 30908
3321 48368
381 31816
32928 25518
46543 1987
37868 22375
35023 17269
11347 49339
49878 37925
49686 43475
23440 1398
37133 17692
16686 48239
42591 9623
27570 41097
10975 21689
20498 4991
9770 32000
33747 11809
2943 47413
21547 49196
17222 46298
37675 9229
48663 8467
1269 3833
44726 9654
1138 2904
14820 5295
7233 2349
4846 19367
23662 30605
23585 13554
47460 20794
10635 28960
47285 10623
47433 44580
27642 5223
39752 25329
22167 2573
43999 128
48390 7631
48974 18109
40608 27415
4434 46327
45775 22252
13507 44024
2502 27645
31482 35649
40078 3795
9990 843
40762 28929
29785 43379
30858 30419
12238 39832
14154 761
40188 14376
38813 8886
49861 41368
7731 46178
5019 2372
41807 19439
15901 19685
44523 10054
46113 20501
41186 27782
13114 42638
49812 20470
41419 46654
2688 46452
38719 1138
44166 21990
12422 44737
42052 21232
4510 10870
18118 33241
10724 37974
14590 21382
37910 45592
17878 9083
19542 3500
9109 43816
44658 30672
40495 15755
43833 28347
32180 22537
13645 12552
12577 2654
5786 35564
3359 46730
37562 3058
43823 29645
16853 13818
29365 41173
47090 15929
30216 14455
15025 4317
11972 38481
47617 22372
110 32582
29508 40059
42387 31599
43911 22474
35144 33724
30750 25427
29516 22794
28344 11531
25076 43589
2140 16857
29403 26519
36489 36320
27890 34080
22985 11885
33453 40577
27849 29187
42051 28020
14203 30668
14787 23198
32235 18013
29251 5544
13062 32990
33840 41115
41010 49318
31188 28518
28900 32195
35230 33895
12609 36030
18231 13273
10325 39347
8504 35870
5951 35403
43287 8659
34571 8676
28750 27659
421 17611
35199 28873
22579 19374
13819 22993
9339 42472
15829 6801
32316 16621
27584 9858
37436 11366
41739 26865
2401 36886
31448 6834
36393 7732
25990 11718
38681 29202
44681 30050
13038 17578
6163 42520
10153 9054
13297 30329
34142 254
14832 12121
15659 888
17182 3737
19251 37770
37589 12396
11655 20983
42090 44873
1770 45442
45603 27832
48888 42217
16130 14665
12297 30260
2609 23050
44394 25968
33180 30423
35775 33061
35801 11027
31908 27662
16391 22744
40992 4333
24254 10762
19863 43297
44718 6018
26449 35153
38711 16377
27328 1660
24391 33696
26387 7344
32830 19389
12133 16623
40418 44474
30278 47325
11313 8477
19808 49841
41468 14063
28296 40392
40578 49571
30997 39856
36164 12419
15644 27419
6270 36751
42358 5526
712 36065
10347 42658
33781 2551
10774 11749
30812 4975
32498 4518
36367 30280
31294 26617
19189 8012
40765 10910
26437 3084
10354 37422
32492 37030
20064 8870
38121 38315
33759 31416
35853 32093
40215 47482
15479 4289
8258 10168
18736 472
6659 19844
42977 32276
35832 44116
1048 1822
32148 2969
3386 8532
5676 21819
43994 18202
9410 12498
39160 23036
20541 24861
41480 40767
36927 41649
7755 48438
8926 2320
39823 28615
14877 34211
4789 2989
29699 24389
43280 36113
19055 32475
34781 41938
28858 13684
18965 31643
12060 24573
22813 565
6348 15379
40140 5887
33880 48515
39745 3817
18145 38365
49361 2480
34480 33799
22617 34666
27056 13931
36956 5950
11841 22252
45348 21160
45506 2696
38471 47341
10029 13743
7012 8110
37105 32289
42495 32561
44445 22049
25996 40241
48232 26002
15671 47265
43018 34208
10069 10355
25393 43013
44965 45828
34920 22968
48999 3733
14169 10065
35904 13497
46869 21687
30046 24599
27668 7015
20144 7808
39104 36319
36580 22047
10484 17553
4510 24749
13905 24894
32857 11340
32033 15890
38433 25874
49052 41550
31475 43651
5925 38171
37300 101
22019 48765
42466 5081
17757 39823
8737 10859
48533 33677
40375 14553
27803 34359
48232 33059
19334 29732
38824 7949
38270 36225
17678 10366
29162 41747
42922 14380
48096 25649
42268 24450
20898 23661
5237 45361
3330 8494
42683 11900
15351 43186
691 32254
49974 28963
1771 34470
9930 14409
16452 20787
24866 12297
20277 13014
34381 10072
39361 21934
2012 14121
17656 9753
7543 207
44213 42885
15230 27748
16318 10788
5136 14066
12574 49286
48389 31167
21179 16942
12298 28999
10643 44410
39974 26465
17551 26730
29977 2220
38404 16461
4483 35772
35454 22020
43188 42084
5567 40864
48654 28247
42672 28625
48475 11168
36337 9843
22797 8130
23713 27916
17737 14511
38129 39658
44391 9895
12697 17036
44971 30100
35698 47868
6394 44900
28940 3134
44159 47444
21981 8217
46841 27348
21071 49968
20274 39466
45072 34534
2127 8493
25556 7417
37956 40710
7128 17543
1796 27813
17945 41701
27016 14112
46898 13106
27631 28755
1387 3442
1308 12282
13405 20570
16408 5907
11914 38757
36497 21267
7781 32965
39688 42102
41217 16240
16220 42423
22343 35896
23750 39836
10021 42488
46621 9739
30965 17662
8123 9521
10108 27227
5850 35087
11483 18359
37005 45602
38930 30284
36360 45121
35233 24496
36895 31374
25741 46074
21492 40510
13822 2594
1375 13196
49382 6274
5479 1119
10694 14705
7913 49779
47496 2075
21198 36680
28860 29509
19348 31610
15314 19981
1646 19178
29257 44558
48924 45553
37565 28209
12788 12771
17209 35396
15851 21191
30789 22040
20428 9656
22160 36321
41606 41332
828 17243
17409 24746
314 38957
30734 46729
40821 30130
26648 3829
7863 43635
49676 33057
47329 44183
27285 14337
14170 21085
40482 25854
1518 36199
1245 7382
23075 8882
42564 7990
33878 31659
10807 23661
6263 35117
19792 17575
40229 48264
33506 15536
18460 14546
10803 14268
44775 19535
21554 1859
19253 4635
37686 6230
25184 46477
23986 39076
40568 38853
4753 36158
27968 305
39622 29172
14722 109
390 29049
20384 5861
2699 20814
24764 41229
31469 31360
11848 36004
48753 46191
18063 4314
7992 45031
1823 35940
2962 2757
3345 34846
12416 34769
19127 48835
42779 5860
25838 36405
10486 8651
6890 27296
41245 31630
10873 1603
18946 10222
16398 36744
989 13051
44489 35290
831 18204
13655 24947
47473 35496
23716 26246
2912 36837
31405 9865
10693 47138
2800 48167
23372 2536
40403 29928
38624 14458
25935 27650
7294 30531
36802 45812
2978 26231
42586 41221
44035 6610
44553 25200
46446 40565
14646 23302
39840 33599
12073 46963
44162 35856
14338 38662
45896 9997
42464 39456
46617 45791
8588 2419
17943 46185
1082 21538
19359 34294
28301 3570
19656 21938
18534 42637
34182 16827
24478 38113
19043 20633
42752 29013
28419 21004
10802 22009
35369 39791
1583 42708
24035 36224
16383 28813
38288 3604
14549 9254
21264 1326
3057 35856
3119 11153
12152 11635
29130 33253
19750 28082
35090 7980
35372 34703
18274 35634
49873 49364
38304 32721
48379 17991
1985 5477
47537 18102
39885 31251
37466 2730
580 8117
34943 10103
10704 337
24965 47262
22900 47501
29867 10896
30460 23281
31913 37679
2 30549
30456 7770
45707 16406
47839 5873
1480 34463
32536 7599
21950 13002
23046 10262
30152 36860
40517 42401
35883 6066
42705 31898
39183 8324
8378 25580
18812 34373
19472 45546
35957 27104
12957 5705
18781 959
4864 47789
16293 47277
29058 21524
33751 49961
1727 22924
6110 5815
48590 2977
35559 31525
22703 49843
40006 24901
30932 27184
39175 45321
37090 11984
45591 6035
28922 21210
37598 11572
15207 47111
28644 15643
35382 38788
22638 39971
18761 20632
16204 29655
19882 32802
748 16975
30897 6707
45701 2244
46750 23764
49449 43221
34529 21083
10474 9779
48121 22905
42907 12550
31898 2562
18430 30289
32642 13718
1658 32228
47953 41132
10076 47264
13489 25968
2321 14126
36702 28071
25108 26583
17652 11798
2461 26205
19908 14770
19997 16724
9826 6763
7546 36828
6815 37132
7841 33481
47322 9904
44058 23341
17373 40559
6520 43990
24586 33629
33611 37586
993 12319
7211 38343
3737 36222
44010 25649
32036 42920
13998 8894
20343 42699
37673 24265
19059 30286
46231 49186
47786 27163
23327 37656
8603 42558
27965 16131
41755 21800
43460 7224
39950 13888
45555 3969
39452 1209
25837 7274
47413 5848
43781 5635
17240 6356
11043 601
13069 24173
1907 30790
25728 15284
18535 30017
22622 40756
18178 14108
39631 27648
41141 44318
23004 20866
49472 45963
40735 14456
24299 11800
6048 37565
22192 36530
46392 34143
33013 1715
43 3504
29197 29846
46122 1029
10791 7011
27139 23788
44890 9242
26267 17337
2941 37867
5848 697
3849 18890
17417 17232
6039 6133
44994 2006
36786 46665
27110 21782
12151 4230
9197 31199
49933 23712
25495 34681
8076 33909
29364 1424
46308 38087
41306 1748
45155 47139
10084 6344
5448 48352
41643 6684
7495 42928
35877 17504
19815 15089
42025 31845
48568 27498
15218 19892
13309 30811
14804 8592
39079 21667
12358 44008
20378 5537
28741 15051
20777 49879
4661 35518
34420 37226
20439 41678
49362 32381
32873 48926
1945 20161
4049 32793
7238 40279
43806 14654
33242 30323
11061 17752
24546 27452
7240 22998
39058 9614
44051 47204
1277 26732
28938 25717
31305 1586
45885 28654
16283 11007
43058 21556
44834 44634
41338 15119
30603 32561
2151 13530
30240 37236
48909 45689
12762 5686
28193 34382
4063 48048
30685 6720
29132 19807
4801 32459
42659 33846
21536 42607
5264 20959
27607 587
41528 18224
32649 11991
17199 12220
22450 22236
32996 3171
16384 20740
29856 19625
1921 40445
30766 48803
17355 29484
22072 11423
32819 34229
7083 38462
17691 43758
35678 24162
49674 27027
35799 13390
22751 14936
42172 33518
10743 1889
45457 13114
16984 36374
23840 5608
29140 36836
11858 14260
47506 45143
11541 27118
5103 7949
20543 29799
35724 46
1577 19823
9190 44735
12594 19546
2977 47567
4541 8673
48396 28625
48047 40711
13344 24740
736 6878
34230 37884
7237 20930
44964 23422
24724 15963
26847 33322
15128 27144
40955 26772
16353 47257
45317 46495
39220 4120
32867 20461
30737 25373
30492 24906
10349 8866
30645 2850
6799 11850
36113 27284
36847 9761
4927 40022
24041 1419
25943 15279
20024 16983
8502 27499
42524 39751
29485 15510
990 47457
46950 37321
25859 15062
47154 25785
37934 47571
15431 29996
14826 9101
45515 23906
8581 6418
40162 23444
40466 12187
1652 24160
45368 46327
24850 46674
44106 28193
2449 40794
16813 30388
25111 43474
5988 9033
26649 10898
31791 6101
24046 39559
36555 10045
4243 21199
32851 42796
11972 35293
26977 27523
20038 33330
42548 37977
43070 4981
19 41181
5029 47463
32379 27091
27543 12553
11652 5914
42079 15323
12038 34466
41477 38330
43377 35002
1993 3608
3072 43624
8280 6154
